minTparperp = [0.87, 0.84, 0.92, 0.66, 0.68, 0.90, 0.58, 0.97, 0.95, 0.93, 1.05, 0.69, 0.79, 0.90, 0.89, 1.54, 0.77, 0.81, 0.99, 0.871, 1.19, 0.88, 1.04, 0.73, 0.95, 0.65, 0.85, 0.97, 0.58, 0.94, 0.82, 0.90];
maxTparperp = [2.01, 2.00, 2.22, 1.83, 2.01, 1.75, 2.81, 4.43, 2.46, 2.80, 1.81, 2.39, 1.48, 2.80, 1.65, 2.97, 1.97, 1.51, 2.93, 3.49, 3.78, 3.55, 3.10, 1.99, 3.06, 1.55, 1.33, 2.62, 2.36, 2.26, 1.43, 1.61];
minBabs = [10.14, 2.42, 2.24, 3.95, 19.49, 3.75, 19.76, 14.76, 9.85, 4.49, 8.03, 9.94, 3.06, 3.81, 8.67, 28.89, 6.10, 18.57, 3.21, 5.93, 22.24, 19.90, 12.99, 8.03, 5.52, 4.30, 5.14, 6.01, 2.35, 4.53, 11.43, 2.95];
