cn_Units.e=4.80320427e-10;
cn_Units.c=2.99792458e10;